Jozo 1 1 1 2000 2 2000
Pavol 2 1 1 2000 3 800
Stefan 3 1 1 2000 2 40
Albert 1 1 1 2000 1 500
Milos 2 1 1 2000 2 750
Eugen 3 1 1 2000 2 48
Jozo 1 2 1 2000 2 2000
Pavol 2 2 1 2000 3 800
Stefan 3 2 1 2000 2 40
Albert 1 2 1 2000 1 500
Milos 2 2 1 2000 2 750
Eugen 3 2 1 2000 2 48
Jozo 1 3 1 2000 2 2000
Pavol 2 3 1 2000 3 800
Stefan 3 3 1 2000 2 40
Albert 1 4 1 2000 1 500
Milos 2 4 1 2000 2 750
Eugen 3 4 1 2000 2 48
Jozo 1 5 1 2000 2 2000
Pavol 2 5 1 2000 3 800
Stefan 3 5 1 2000 2 40
Albert 1 6 1 2000 1 500
Milos 2 6 1 2000 2 750
Eugen 3 6 1 2000 2 48
Jozo 1 7 1 2000 2 2000
Pavol 2 7 1 2000 3 800
Stefan 3 7 1 2000 2 40
Albert 1 8 1 2000 1 500
Milos 2 8 1 2000 2 750
Eugen 3 8 1 2000 2 48
Jozo 1 8 1 2000 2 2000
Pavol 2 9 1 2000 3 800
Stefan 3 9 1 2000 2 40
Albert 1 9 1 2000 1 500
Milos 2 10 1 2000 2 750
Eugen 3 10 1 2000 2 48
Jozo 1 10 1 2000 2 2000
Pavol 2 11 1 2000 3 800
Stefan 3 11 1 2000 2 40
Albert 1 11 1 2000 1 500
Milos 2 12 1 2000 2 750
Eugen 3 12 1 2000 2 48
Jozo 1 12 1 2000 2 2000
Pavol 2 13 1 2000 3 800
Stefan 3 13 1 2000 2 40
Albert 1 13 1 2000 1 500
Milos 2 14 1 2000 2 750
Eugen 3 14 1 2000 2 48
Jozo 1 15 1 2000 2 2000
Pavol 2 15 1 2000 3 800
Stefan 3 15 1 2000 2 40
Albert 1 16 1 2000 1 500
Milos 2 16 1 2000 2 750
Eugen 3 16 1 2000 2 48
Jozo 1 17 1 2000 2 2000
Pavol 2 17 1 2000 3 800
Stefan 3 17 1 2000 2 40
Albert 1 18 1 2000 1 500
Milos 2 18 1 2000 2 750
Eugen 3 18 1 2000 2 48
Jozo 1 19 1 2000 2 2000
Pavol 2 19 1 2000 3 800
Stefan 3 19 1 2000 2 40
Albert 1 20 1 2000 1 500
Milos 2 20 1 2000 2 750
Eugen 3 20 1 2000 2 48
Jozo 1 21 1 2000 2 2000
Pavol 2 21 1 2000 3 800
Stefan 3 21 1 2000 2 40
Albert 1 22 1 2000 1 500
Milos 2 22 1 2000 2 750
Eugen 3 22 1 2000 2 48
Jozo 1 23 1 2000 2 2000
Pavol 2 23 1 2000 3 800
Stefan 3 23 1 2000 2 40
Albert 1 24 1 2000 1 500
Milos 2 24 1 2000 2 750
Eugen 3 24 1 2000 2 48
Jozo 1 25 1 2000 2 2000
Pavol 2 25 1 2000 3 800
Stefan 3 25 1 2000 2 40
Albert 1 26 1 2000 1 500
Milos 2 26 1 2000 2 750
Eugen 3 26 1 2000 2 48
Jozo 1 27 1 2000 2 2000
Pavol 2 27 1 2000 3 800
Stefan 3 27 1 2000 2 40
Albert 1 28 1 2000 1 500
Milos 2 28 1 2000 2 750
Eugen 3 28 1 2000 2 48
Jozo 1 29 1 2000 2 2000
Pavol 2 29 1 2000 3 800
Stefan 3 29 1 2000 2 40
Albert 1 30 1 2000 1 500
Milos 2 30 1 2000 2 750
Eugen 3 30 1 2000 2 48