1 300 MICHAELA 3 1 1 2000 10 1 2000
2 230 NATALIA 1 1 1 2000 4 1 2000
1 800 RADKA 4 1 1 2000 12 1 2000
2 340 MINA 7 1 1 2000 8 1 2000
1 900 ANNA 5 1 1 2000 7 1 2000
1 2000 MIRKA 3 1 1 2000 13 1 2000
2 200 LUBKA 2 1 1 2000 2 1 2000
1 2000 MIRKA 3 1 1 2000 3 1 2000
1 900 RADKA 4 1 1 2000 4 1 2000
2 230 NATALIA 1 1 1 2000 5 1 2000
1 800 RADKA 4 1 1 2000 6 1 2000
1 300 MICHAELA 3 1 1 2000 7 1 2000
2 340 MINA 7 1 1 2000 9 1 2000
2 700 MINA 7 1 1 2000 10 1 2000
2 2000 MIRKA 3 1 1 2000 10 1 2000
2 1200 RADKA 4 1 1 2000 10 1 2000
1 1800 LUBKA 2 1 1 2000 10 1 2000
